Loss: [0.10678107291460037, 0.053197454661130905, 0.05817148834466934, 0.0588558167219162, 0.048733338713645935, 0.042754802852869034, 0.04167765751481056, 0.042392875999212265, 0.04164939746260643, 0.03919687867164612, 0.0355047807097435, 0.032062239944934845, 0.02977403812110424, 0.02849251590669155, 0.027032727375626564, 0.024480272084474564, 0.02119145542383194, 0.018650971353054047, 0.017509503290057182, 0.01658385805785656, 0.014625600539147854, 0.012580567970871925, 0.01135347317904234, 0.010968858376145363, 0.010623583570122719, 0.009569316171109676, 0.00843305978924036, 0.007795198354870081, 0.007076486479490995, 0.005923440679907799] 
Val_loss: [0.09745081514120102, 0.056397635489702225, 0.04498869180679321, 0.046629633754491806, 0.051394760608673096, 0.0583677738904953, 0.06284741312265396, 0.06302040070295334, 0.05939901992678642, 0.05286281928420067, 0.044830504804849625, 0.0372052825987339, 0.03107413649559021, 0.027664631605148315, 0.027068665251135826, 0.028043685480952263, 0.02970649115741253, 0.0306414645165205, 0.029819630086421967, 0.026741718873381615, 0.022395305335521698, 0.018197476863861084, 0.015234948135912418, 0.013599428348243237, 0.01334784273058176, 0.013947154395282269, 0.01482387911528349, 0.015251632779836655, 0.014908148907124996, 0.014189315028488636]

Loss: [0.0833580270409584, 0.039204321801662445, 0.03926221281290054, 0.04757500812411308, 0.044318486005067825, 0.03583139181137085, 0.02959168143570423, 0.027507495135068893, 0.028474638238549232, 0.02941366471350193, 0.02865631692111492, 0.0262919794768095, 0.023337753489613533, 0.02092818357050419, 0.01958550699055195, 0.01901930198073387, 0.01884477026760578, 0.01819930598139763, 0.016795599833130836, 0.01518295519053936, 0.013822897337377071, 0.013387045823037624, 0.013171511702239513, 0.012487377040088177, 0.011349067091941833, 0.010312095284461975, 0.009778412990272045, 0.00962692592293024, 0.009301915764808655, 0.008607915602624416] 
Val_loss: [0.34029102325439453, 0.20846208930015564, 0.16033412516117096, 0.1658320426940918, 0.19739215075969696, 0.24563805758953094, 0.2958521842956543, 0.33552446961402893, 0.3530672490596771, 0.34996628761291504, 0.33119410276412964, 0.301407128572464, 0.2683769762516022, 0.23860760033130646, 0.21411384642124176, 0.1984921395778656, 0.189274400472641, 0.18877026438713074, 0.19702310860157013, 0.2097720205783844, 0.2206934690475464, 0.22426685690879822, 0.21847984194755554, 0.2051490992307663, 0.18804429471492767, 0.17161552608013153, 0.15940715372562408, 0.1525823026895523, 0.15124033391475677, 0.15320608019828796]

Loss: [0.18457260727882385, 0.05341557413339615, 0.05788365751504898, 0.056696414947509766, 0.03961345925927162, 0.03739280253648758, 0.03766807168722153, 0.034026648849248886, 0.029806163161993027, 0.027663517743349075, 0.025939300656318665, 0.021928628906607628, 0.019267229363322258, 0.02179267629981041, 0.02035088837146759, 0.016306249424815178, 0.01549544371664524, 0.013846461661159992, 0.011966690421104431, 0.012236909940838814, 0.012859965674579144, 0.01129966415464878, 0.00897498894482851, 0.009515393525362015, 0.010829577222466469, 0.008749651722609997, 0.00756539311259985, 0.008590122684836388, 0.007556167431175709, 0.006310115568339825] 
Val_loss: [0.01159537024796009, 0.05584685876965523, 0.09009315073490143, 0.06384597718715668, 0.03245313838124275, 0.021126866340637207, 0.021054858341813087, 0.02873898670077324, 0.04273788630962372, 0.049820344895124435, 0.043485645204782486, 0.03030993416905403, 0.017101584002375603, 0.012959197163581848, 0.01455761305987835, 0.019802168011665344, 0.024762947112321854, 0.019746286794543266, 0.014058140106499195, 0.012886819429695606, 0.01484853494912386, 0.01811385527253151, 0.020450996235013008, 0.018205150961875916, 0.014736542478203773, 0.013972352258861065, 0.015230457298457623, 0.01903439126908779, 0.02421134151518345, 0.024953573942184448]

Loss: [0.2572478652000427, 0.14976638555526733, 0.10183333605527878, 0.07664048671722412, 0.06215018406510353, 0.05052970349788666, 0.0400596484541893, 0.03272821381688118, 0.027089081704616547, 0.021012913435697556, 0.01514399517327547, 0.011623389087617397, 0.010692858137190342, 0.010261490941047668, 0.009353852830827236, 0.008714888244867325, 0.008481714874505997, 0.00721521582454443, 0.005034338682889938, 0.003312846180051565, 0.0025910206604748964, 0.0022613205946981907, 0.0019282185239717364, 0.0018563477788120508, 0.0019523889059200883, 0.0018008655169978738, 0.001341495430096984, 0.0009280904778279364, 0.0007850067922845483, 0.0007132338359951973] 
Val_loss: [0.47726237773895264, 0.3218868672847748, 0.1800803244113922, 0.09108056128025055, 0.056117888540029526, 0.040489327162504196, 0.031807031482458115, 0.024757321923971176, 0.02081763558089733, 0.023235667496919632, 0.0348023883998394, 0.053757570683956146, 0.07116422057151794, 0.08101306855678558, 0.08250119537115097, 0.07959830015897751, 0.07555917650461197, 0.07102081924676895, 0.06613099575042725, 0.060151442885398865, 0.05313415080308914, 0.04613777622580528, 0.04079573601484299, 0.03809228539466858, 0.03826902434229851, 0.04097305238246918, 0.04543249309062958, 0.050482846796512604, 0.054910846054553986, 0.05811314284801483]

Loss: [1.0516459941864014, 0.33641234040260315, 0.22081123292446136, 0.17846155166625977, 0.14284378290176392, 0.10521738976240158, 0.06991053372621536, 0.05027889832854271, 0.0440688319504261, 0.0529605858027935, 0.05289505422115326, 0.04300108924508095, 0.03622318059206009, 0.0358552560210228, 0.036636099219322205, 0.03682496398687363, 0.03553498908877373, 0.03332378342747688, 0.0312611423432827, 0.02972099557518959, 0.028334055095911026, 0.028170499950647354, 0.028526578098535538, 0.027962153777480125, 0.026584530249238014, 0.025042381137609482, 0.023682380095124245, 0.023046152666211128, 0.022768903523683548, 0.022351182997226715] 
Val_loss: [0.3692498505115509, 0.1861426830291748, 0.13888747990131378, 0.10549303144216537, 0.07100336253643036, 0.042810969054698944, 0.02061855047941208, 0.00675604771822691, 0.005978924687951803, 0.008065602742135525, 0.005428006872534752, 0.00413811020553112, 0.005764511879533529, 0.008438178338110447, 0.010198147036135197, 0.010378628969192505, 0.009532750584185123, 0.008047539740800858, 0.006464277859777212, 0.005554574076086283, 0.005211490672081709, 0.00513566704466939, 0.0051867361180484295, 0.005367033649235964, 0.0057648248039186, 0.006492259446531534, 0.007243053056299686, 0.007823889143764973, 0.008150560781359673, 0.00788095872849226]

Loss: [0.24895773828029633, 0.06806912273168564, 0.039014168083667755, 0.03935576230287552, 0.030410408973693848, 0.029464973136782646, 0.024134628474712372, 0.02239496447145939, 0.020128339529037476, 0.01818157732486725, 0.016259029507637024, 0.014825726859271526, 0.013502013869583607, 0.012046996504068375, 0.011379682458937168, 0.010290255770087242, 0.00899464264512062, 0.008584531955420971, 0.00726113049313426, 0.006920581683516502, 0.006349803414195776, 0.005901184398680925, 0.00536891957744956, 0.00469217961654067, 0.004271925892680883, 0.003993592225015163, 0.0035800740588456392, 0.003229160327464342, 0.0029858581256121397, 0.0026416813489049673] 
Val_loss: [0.1465061604976654, 0.05378735810518265, 0.032553285360336304, 0.04016628488898277, 0.05494476109743118, 0.04688769206404686, 0.043961022049188614, 0.04828334227204323, 0.053756702691316605, 0.05109259486198425, 0.05268239229917526, 0.05443619564175606, 0.05731098726391792, 0.05949259549379349, 0.06010410562157631, 0.06075400486588478, 0.060723137110471725, 0.060673877596855164, 0.06206328049302101, 0.061594247817993164, 0.06203648820519447, 0.06309708207845688, 0.06166474521160126, 0.06227005645632744, 0.061925485730171204, 0.06223921477794647, 0.06321284919977188, 0.06299982219934464, 0.06358213722705841, 0.06400799006223679]

Loss: [0.07222561538219452, 0.03814663365483284, 0.030796369537711143, 0.027362650260329247, 0.02308579906821251, 0.02277487702667713, 0.019579052925109863, 0.016439180821180344, 0.01372167095541954, 0.012136854231357574, 0.010168341919779778, 0.008486895821988583, 0.006821081507951021, 0.006946619134396315, 0.005889613647013903, 0.005503498949110508, 0.005629833322018385, 0.004054476507008076, 0.0036465993616729975, 0.003040447598323226, 0.0025136524345725775, 0.002634846605360508, 0.00215593702159822, 0.0018210596172139049, 0.0015985899372026324, 0.0014579687267541885, 0.001370777958072722, 0.0012476962292566895, 0.0012728028232231736, 0.0013587076682597399] 
Val_loss: [0.06361393630504608, 0.0600951723754406, 0.07137094438076019, 0.050346795469522476, 0.06522811204195023, 0.051629673689603806, 0.04968097805976868, 0.06054717302322388, 0.047525472939014435, 0.05622844398021698, 0.05595045164227486, 0.05271751806139946, 0.05728956311941147, 0.07396261394023895, 0.052383773028850555, 0.07410459220409393, 0.0524185448884964, 0.055206846445798874, 0.056678082793951035, 0.0516652911901474, 0.06141246482729912, 0.051012881100177765, 0.05563290789723396, 0.05136673152446747, 0.059612907469272614, 0.05939725413918495, 0.05391477420926094, 0.05549011006951332, 0.05975381284952164, 0.06320881098508835]

Loss: [0.14338131248950958, 0.040159158408641815, 0.034670352935791016, 0.028597278520464897, 0.025555500760674477, 0.024267874658107758, 0.022665396332740784, 0.019726846367120743, 0.0171539057046175, 0.015433081425726414, 0.013442625291645527, 0.011946416459977627, 0.01074032299220562, 0.008637367747724056, 0.006866768002510071, 0.007432587910443544, 0.005575042217969894, 0.004624269902706146, 0.004398422781378031, 0.0039268373511731625, 0.0032925207633525133, 0.002733522793278098, 0.002828433411195874, 0.0028528161346912384, 0.0022666852455586195, 0.0016663180431351066, 0.0022257554810494184, 0.0016374659026041627, 0.0014943305868655443, 0.0013579479418694973] 
Val_loss: [0.07281661778688431, 0.06292612850666046, 0.06046545132994652, 0.06532397121191025, 0.0621880479156971, 0.05718308687210083, 0.06503284722566605, 0.05411563068628311, 0.0569995753467083, 0.051680710166692734, 0.05971852317452431, 0.05304224044084549, 0.06073618680238724, 0.05896023288369179, 0.045372795313596725, 0.06991449743509293, 0.07002365589141846, 0.053952232003211975, 0.05633719265460968, 0.0688885822892189, 0.062451522797346115, 0.07199914753437042, 0.06398854404687881, 0.07299720495939255, 0.06598997116088867, 0.07469693571329117, 0.07344503700733185, 0.06980522722005844, 0.07154740393161774, 0.061025220900774]

Loss: [0.15073099732398987, 0.04125351458787918, 0.034747928380966187, 0.028148973360657692, 0.02346632443368435, 0.019943842664361, 0.017333101481199265, 0.01480074506253004, 0.012674891389906406, 0.010382642038166523, 0.009303895756602287, 0.00783903244882822, 0.0069790976122021675, 0.005583195015788078, 0.005218441132456064, 0.005217696540057659, 0.0038673740345984697, 0.003926238976418972, 0.0044386256486177444, 0.004318173974752426, 0.0031281800474971533, 0.003215503180399537, 0.0028875975403934717, 0.0025559659115970135, 0.0021172775886952877, 0.0021001098211854696, 0.002228673081845045, 0.0019422543700784445, 0.00162358523812145, 0.0013693374348804355] 
Val_loss: [0.09664875268936157, 0.042094241827726364, 0.060943275690078735, 0.04362004995346069, 0.0637294352054596, 0.04985193908214569, 0.07094140350818634, 0.05947388708591461, 0.06532281637191772, 0.06949294358491898, 0.07566338777542114, 0.06814776360988617, 0.05570724606513977, 0.057492610067129135, 0.0461667962372303, 0.052915964275598526, 0.06953473389148712, 0.048335231840610504, 0.07795756310224533, 0.06402449309825897, 0.0726483017206192, 0.07579131424427032, 0.06285073608160019, 0.0750044509768486, 0.060592323541641235, 0.08395258337259293, 0.06526858359575272, 0.07308878004550934, 0.05717100575566292, 0.058513689786195755]

