Loss: [0.7473737597465515, 0.4694567918777466, 0.34812691807746887, 0.3030099868774414, 0.2791159451007843, 0.25141337513923645, 0.22540684044361115, 0.20458287000656128, 0.1853504180908203, 0.16674739122390747, 0.14898037910461426, 0.1326121985912323, 0.1175689771771431, 0.1039566695690155, 0.09120450168848038, 0.07916455715894699, 0.06809578090906143, 0.05809128284454346, 0.04955124482512474, 0.0427950881421566, 0.03843887895345688, 0.036776699125766754, 0.03772462531924248, 0.040721602737903595, 0.04425085335969925, 0.04654962196946144, 0.0466289259493351, 0.044683121144771576, 0.04179532825946808, 0.038775499910116196] 
Val_loss: [0.008230333216488361, 0.0015989231178537011, 0.0005581022123806179, 0.00015345883730333298, 3.047196332772728e-05, 0.0001347413781331852, 0.0004693324153777212, 0.0009209662675857544, 0.0015334375202655792, 0.002401449019089341, 0.0035220554564148188, 0.004999024793505669, 0.006839240435510874, 0.009075372479856014, 0.011794939637184143, 0.014992374926805496, 0.01886042021214962, 0.023548701778054237, 0.02915562503039837, 0.03568936139345169, 0.0431729219853878, 0.05102255567908287, 0.058403726667165756, 0.06423112004995346, 0.06758793443441391, 0.06765555590391159, 0.06510321795940399, 0.06051185727119446, 0.05527288094162941, 0.050132110714912415]

Loss: [0.1381479799747467, 0.0759245753288269, 0.07387397438287735, 0.08450860530138016, 0.07441984117031097, 0.061536047607660294, 0.05688071995973587, 0.05880286917090416, 0.059420716017484665, 0.05480474233627319, 0.04743138700723648, 0.04243215173482895, 0.041548244655132294, 0.04189467057585716, 0.03974802419543266, 0.03445698693394661, 0.03133946657180786, 0.032113220542669296, 0.031187692657113075, 0.02751794643700123, 0.024953503161668777, 0.02530866488814354, 0.02470802329480648, 0.021546142175793648, 0.019643057137727737, 0.019574090838432312, 0.018390929326415062, 0.016136610880494118, 0.015645960345864296, 0.015587364323437214] 
Val_loss: [0.10638431459665298, 0.1194177120923996, 0.14219288527965546, 0.13747568428516388, 0.11915518343448639, 0.10258767753839493, 0.09316646307706833, 0.09030218422412872, 0.09143947809934616, 0.09751642495393753, 0.11057525128126144, 0.12933166325092316, 0.14532899856567383, 0.14964964985847473, 0.14147280156612396, 0.12860137224197388, 0.1188860684633255, 0.11587648093700409, 0.11953242123126984, 0.12785740196704865, 0.1342862993478775, 0.13190384209156036, 0.12132013589143753, 0.11090105026960373, 0.10579771548509598, 0.10610055178403854, 0.11090407520532608, 0.1171431690454483, 0.11977888643741608, 0.11605233699083328]

Loss: [0.27340951561927795, 0.09866036474704742, 0.0576411597430706, 0.08130248636007309, 0.06905864924192429, 0.05436577647924423, 0.04574481397867203, 0.043399058282375336, 0.04064292088150978, 0.03727693483233452, 0.03488459810614586, 0.03224664181470871, 0.029678355902433395, 0.02914676070213318, 0.02968043088912964, 0.025472590699791908, 0.02481229044497013, 0.024300895631313324, 0.02166992798447609, 0.020107433199882507, 0.02197585068643093, 0.018944939598441124, 0.0172366164624691, 0.016830425709486008, 0.015118052251636982, 0.013530818745493889, 0.013575287535786629, 0.012987041845917702, 0.012536987662315369, 0.012589184567332268] 
Val_loss: [0.15592806041240692, 0.1264173537492752, 0.1176825612783432, 0.11403064429759979, 0.10448364168405533, 0.09911349415779114, 0.09547925740480423, 0.09218858182430267, 0.08973757922649384, 0.08801500499248505, 0.086734339594841, 0.08516605943441391, 0.08298780024051666, 0.08187700062990189, 0.08252822607755661, 0.08588726818561554, 0.08878543227910995, 0.08729153126478195, 0.08425711840391159, 0.08314552903175354, 0.08426473289728165, 0.08984005451202393, 0.09444074332714081, 0.09529485553503036, 0.09510863572359085, 0.09414546936750412, 0.0950218066573143, 0.10016671568155289, 0.10464604198932648, 0.10422159731388092]

Loss: [0.16183418035507202, 0.058540672063827515, 0.09299510717391968, 0.0730239674448967, 0.04372550547122955, 0.038059771060943604, 0.04276386275887489, 0.04314402490854263, 0.03676995635032654, 0.029830381274223328, 0.026300812140107155, 0.0258803628385067, 0.025022022426128387, 0.02173681929707527, 0.017620913684368134, 0.015146924182772636, 0.015106254257261753, 0.015032940544188023, 0.013686436228454113, 0.011511119082570076, 0.009680615738034248, 0.008879706263542175, 0.008695020340383053, 0.008175804279744625, 0.007146799471229315, 0.0060561602003872395, 0.005340824835002422, 0.0049093253910541534, 0.004276263061910868, 0.0034701323602348566] 
Val_loss: [0.11416522413492203, 0.07899447530508041, 0.0878274142742157, 0.11579833179712296, 0.15672598779201508, 0.18950410187244415, 0.204188734292984, 0.20034001767635345, 0.17825408279895782, 0.15809334814548492, 0.1496177613735199, 0.15639753639698029, 0.1756962239742279, 0.2005338966846466, 0.2294725775718689, 0.25010478496551514, 0.2579786777496338, 0.2543710470199585, 0.2406276911497116, 0.22329433262348175, 0.20707498490810394, 0.19556227326393127, 0.19072827696800232, 0.1926349252462387, 0.19922691583633423, 0.20797710120677948, 0.21591967344284058, 0.22047442197799683, 0.22090159356594086, 0.21951693296432495]

Loss: [0.4079636335372925, 0.26697754859924316, 0.1701105833053589, 0.11619625240564346, 0.08516423404216766, 0.07820504158735275, 0.0816071406006813, 0.07116003334522247, 0.06252925097942352, 0.05547433719038963, 0.05198841169476509, 0.04771425575017929, 0.042733870446681976, 0.03948778286576271, 0.036251116544008255, 0.03375949710607529, 0.031053857877850533, 0.029711581766605377, 0.028593052178621292, 0.02720443159341812, 0.025442976504564285, 0.024521157145500183, 0.023765208199620247, 0.022682402282953262, 0.02150675840675831, 0.020771704614162445, 0.0193315576761961, 0.018299032002687454, 0.017902087420225143, 0.016707103699445724] 
Val_loss: [0.06925749033689499, 0.055549800395965576, 0.06356864422559738, 0.10083833336830139, 0.16327984631061554, 0.20394405722618103, 0.1957947164773941, 0.16063088178634644, 0.1270591914653778, 0.11282946169376373, 0.11072259396314621, 0.11697849631309509, 0.12525880336761475, 0.13116131722927094, 0.12925590574741364, 0.1224476769566536, 0.11143823713064194, 0.1062205359339714, 0.10531999170780182, 0.10847672820091248, 0.11813395470380783, 0.12786166369915009, 0.12623097002506256, 0.11813835054636002, 0.10843900591135025, 0.1086396798491478, 0.11902084946632385, 0.12445497512817383, 0.1227467954158783, 0.11379555612802505]

Loss: [0.5228094458580017, 0.1347997784614563, 0.08750545233488083, 0.07701613754034042, 0.06565377861261368, 0.058560408651828766, 0.04686508700251579, 0.04399338737130165, 0.03696174919605255, 0.032978128641843796, 0.02700519561767578, 0.02547752857208252, 0.021406209096312523, 0.019080208614468575, 0.01697828434407711, 0.015344557352364063, 0.014039667323231697, 0.013164322823286057, 0.012858218513429165, 0.012174907140433788, 0.013372939079999924, 0.011828289367258549, 0.011716553941369057, 0.009071670472621918, 0.009025612846016884, 0.008108951151371002, 0.007984231226146221, 0.007715265266597271, 0.007390453480184078, 0.006192076951265335] 
Val_loss: [0.2439052164554596, 0.0402442142367363, 0.030942490324378014, 0.02819432131946087, 0.03985558822751045, 0.03090948797762394, 0.036260493099689484, 0.03881442919373512, 0.03977508842945099, 0.045740313827991486, 0.05821620672941208, 0.06282836198806763, 0.06422758847475052, 0.07006031274795532, 0.08031350374221802, 0.078189916908741, 0.07763228565454483, 0.07948976755142212, 0.08593330532312393, 0.07231650501489639, 0.07853507995605469, 0.07181507349014282, 0.07482392340898514, 0.07895772904157639, 0.06968528032302856, 0.08162635564804077, 0.06842861324548721, 0.07727310061454773, 0.07753344625234604, 0.07481478154659271]

Loss: [0.11077679693698883, 0.0542013980448246, 0.04360485076904297, 0.03501565381884575, 0.03189026936888695, 0.028236297890543938, 0.024205105379223824, 0.02060590498149395, 0.018782824277877808, 0.015899332240223885, 0.01393214613199234, 0.01339435763657093, 0.012968068942427635, 0.010985481552779675, 0.008889039047062397, 0.007831932045519352, 0.0067756567150354385, 0.005917597562074661, 0.006345315370708704, 0.007935785688459873, 0.0060136644169688225, 0.00550102861598134, 0.004522685892879963, 0.00427326001226902, 0.004201703704893589, 0.00419429037719965, 0.003857429837808013, 0.0039113969542086124, 0.0032351496629416943, 0.002855752594769001] 
Val_loss: [0.06740647554397583, 0.02919609285891056, 0.03400786966085434, 0.034299712628126144, 0.0458446741104126, 0.027634667232632637, 0.041131068021059036, 0.032535456120967865, 0.044536374509334564, 0.05791261047124863, 0.0630275309085846, 0.08180879801511765, 0.08139220625162125, 0.06181764602661133, 0.05963819473981857, 0.06839864701032639, 0.06132535636425018, 0.07592921704053879, 0.07207869738340378, 0.06738412380218506, 0.0653480738401413, 0.07202571630477905, 0.08580230921506882, 0.062208350747823715, 0.05939517170190811, 0.06850750744342804, 0.07068222761154175, 0.07186560332775116, 0.06303391605615616, 0.06681961566209793]

Loss: [0.05656944960355759, 0.034334130585193634, 0.02444259449839592, 0.018708348274230957, 0.01670740358531475, 0.014411081559956074, 0.014562414959073067, 0.01448429562151432, 0.014591570943593979, 0.013524310663342476, 0.011350948363542557, 0.011036943644285202, 0.009434171952307224, 0.009949295781552792, 0.00906349066644907, 0.007592239882797003, 0.006725986022502184, 0.0059373523108661175, 0.005521757062524557, 0.005188779439777136, 0.004772820509970188, 0.005394334439188242, 0.00493208272382617, 0.0051015219651162624, 0.004397486336529255, 0.0037991097196936607, 0.0038826719392091036, 0.004065215587615967, 0.0032950839959084988, 0.004529454745352268] 
Val_loss: [0.06681576371192932, 0.05970839783549309, 0.04300913214683533, 0.0496058315038681, 0.053696323186159134, 0.051690418273210526, 0.0627969354391098, 0.04722558334469795, 0.049727991223335266, 0.06263215094804764, 0.04505905136466026, 0.052530355751514435, 0.03654826059937477, 0.0341976098716259, 0.05010301619768143, 0.044532716274261475, 0.05340919643640518, 0.05502570420503616, 0.05757005885243416, 0.05181339755654335, 0.04270058125257492, 0.05604514852166176, 0.057794082909822464, 0.052378471940755844, 0.06083328649401665, 0.05531441420316696, 0.04608719423413277, 0.057143326848745346, 0.06408916413784027, 0.0583266019821167]

Loss: [0.18934877216815948, 0.0525127537548542, 0.045810479670763016, 0.036242660135030746, 0.032659709453582764, 0.028404677286744118, 0.025127803906798363, 0.021786030381917953, 0.019279930740594864, 0.016995366662740707, 0.016103578731417656, 0.013809863477945328, 0.012264554388821125, 0.011255896650254726, 0.00998336635529995, 0.008634592406451702, 0.007767247501760721, 0.007050049025565386, 0.007623822428286076, 0.00635547423735261, 0.00593944638967514, 0.005454457830637693, 0.005220725201070309, 0.004462343640625477, 0.0042939092963933945, 0.004206627607345581, 0.0035870298743247986, 0.003379357513040304, 0.003980549052357674, 0.00351142231374979] 
Val_loss: [0.011645382270216942, 0.08135421574115753, 0.0311374943703413, 0.05652938410639763, 0.038142040371894836, 0.05107215419411659, 0.043188706040382385, 0.04570711776614189, 0.05205002427101135, 0.04621468111872673, 0.03818739950656891, 0.06920415163040161, 0.05922262743115425, 0.04825422167778015, 0.058289892971515656, 0.05240916088223457, 0.06166988983750343, 0.058547381311655045, 0.059245411306619644, 0.0635785385966301, 0.061499420553445816, 0.06537210196256638, 0.054421573877334595, 0.06644457578659058, 0.05410253629088402, 0.05522381141781807, 0.0703096017241478, 0.06030813977122307, 0.06212686747312546, 0.06742570549249649]

Loss: [0.22860051691532135, 0.07197166979312897, 0.050737231969833374, 0.042114295065402985, 0.03807709738612175, 0.03467532992362976, 0.03139008581638336, 0.027046440169215202, 0.023334063589572906, 0.020152829587459564, 0.01771628111600876, 0.015832222998142242, 0.014603785239160061, 0.01174349058419466, 0.01089426875114441, 0.00956656038761139, 0.010085866786539555, 0.007991391234099865, 0.0068471492268145084, 0.005528853740543127, 0.0053551942110061646, 0.004926677793264389, 0.004962334409356117, 0.0073332758620381355, 0.005132749211043119, 0.004740636795759201, 0.004224161617457867, 0.004221629351377487, 0.003254472743719816, 0.002985137514770031] 
Val_loss: [0.00889800488948822, 0.07017793506383896, 0.03872063010931015, 0.03654018044471741, 0.05303212255239487, 0.03861809894442558, 0.04513639211654663, 0.04846382513642311, 0.041492342948913574, 0.057832442224025726, 0.05723455920815468, 0.050178173929452896, 0.10179787874221802, 0.05786416307091713, 0.10725505650043488, 0.1156873106956482, 0.07818503677845001, 0.08609241247177124, 0.1006414070725441, 0.09465348720550537, 0.09725651890039444, 0.09461894631385803, 0.08328910171985626, 0.13372141122817993, 0.11621760576963425, 0.12053345143795013, 0.13130135834217072, 0.1035849004983902, 0.12245645374059677, 0.11222746968269348]

