Loss: [0.18956786394119263, 0.10023918002843857, 0.11081457138061523, 0.09583935886621475, 0.06984753161668777, 0.060960911214351654, 0.06407404690980911, 0.06157930940389633, 0.05134310573339462, 0.041030172258615494, 0.036350592970848083, 0.03590475767850876, 0.034801602363586426, 0.03072313778102398, 0.024916736409068108, 0.020142659544944763, 0.01789812743663788, 0.017114730551838875, 0.014997326768934727, 0.011603355407714844, 0.009224724024534225, 0.008545173332095146, 0.008342970162630081, 0.006896645296365023, 0.004949668422341347, 0.004419705364853144, 0.004413364455103874, 0.0033158501610159874, 0.0024290902074426413, 0.002637286903336644] 
Val_loss: [0.04977133497595787, 0.07364527136087418, 0.0618932731449604, 0.039318304508924484, 0.020774316042661667, 0.01169604528695345, 0.008730812929570675, 0.009322633035480976, 0.011940171010792255, 0.015590422786772251, 0.01887025311589241, 0.019570976495742798, 0.017297139391303062, 0.013251037336885929, 0.009144189767539501, 0.006812820676714182, 0.005839915480464697, 0.005648550111800432, 0.005487879738211632, 0.005492434371262789, 0.005641444120556116, 0.00556563027203083, 0.005069120321422815, 0.004623629152774811, 0.004829415585845709, 0.004936488810926676, 0.004489377606660128, 0.003987561911344528, 0.003883369266986847, 0.0038702685851603746]

Loss: [0.2307344526052475, 0.19189190864562988, 0.16515974700450897, 0.1447526067495346, 0.12701140344142914, 0.11288594454526901, 0.10272826254367828, 0.09557001292705536, 0.09146148711442947, 0.09049689769744873, 0.09106745570898056, 0.09171543270349503, 0.09108930081129074, 0.0886620283126831, 0.08504465967416763, 0.08102869987487793, 0.07747334241867065, 0.07479331642389297, 0.07290033251047134, 0.0712214931845665, 0.06944062560796738, 0.06705306470394135, 0.06366561353206635, 0.059614572674036026, 0.05546285957098007, 0.051348354667425156, 0.048947662115097046, 0.04794615879654884, 0.04547888785600662, 0.04130362719297409] 
Val_loss: [0.6692518591880798, 0.6602433919906616, 0.624203085899353, 0.5815518498420715, 0.5263761281967163, 0.46425601840019226, 0.3931647837162018, 0.3186569809913635, 0.25337156653404236, 0.2090541571378708, 0.17993684113025665, 0.1650596559047699, 0.16073666512966156, 0.16554613411426544, 0.17752599716186523, 0.19358040392398834, 0.2115178257226944, 0.22730818390846252, 0.23824970424175262, 0.24350343644618988, 0.24205973744392395, 0.2346535623073578, 0.22171415388584137, 0.20551037788391113, 0.1867818981409073, 0.16773860156536102, 0.15628744661808014, 0.1533963829278946, 0.1583474576473236, 0.16819822788238525]

Loss: [0.08888634294271469, 0.06107453629374504, 0.0413428358733654, 0.036750953644514084, 0.03581990301609039, 0.028896505013108253, 0.032174065709114075, 0.029675427824258804, 0.024918314069509506, 0.024620497599244118, 0.022324342280626297, 0.021290406584739685, 0.020625222474336624, 0.018635157495737076, 0.01743920147418976, 0.015630122274160385, 0.015102609992027283, 0.014952406287193298, 0.013032215647399426, 0.012011583894491196, 0.009952348656952381, 0.009174590930342674, 0.007062878459692001, 0.00946471281349659, 0.006455369293689728, 0.008608425967395306, 0.004664444364607334, 0.011952988803386688, 0.006045297719538212, 0.006535922177135944] 
Val_loss: [0.14448584616184235, 0.12549462914466858, 0.15198802947998047, 0.17125877737998962, 0.14677421748638153, 0.1273840367794037, 0.13600695133209229, 0.16037654876708984, 0.16803398728370667, 0.16089487075805664, 0.14463916420936584, 0.13860607147216797, 0.15126284956932068, 0.1664397418498993, 0.15960665047168732, 0.1433921456336975, 0.13393720984458923, 0.13243353366851807, 0.1497184932231903, 0.1594354808330536, 0.14657123386859894, 0.1597544103860855, 0.1960766762495041, 0.19135086238384247, 0.16081300377845764, 0.16882118582725525, 0.19980821013450623, 0.18710537254810333, 0.1569276750087738, 0.15966247022151947]

Loss: [0.10774818807840347, 0.08071549236774445, 0.05673367157578468, 0.05102338269352913, 0.03909965232014656, 0.03281879052519798, 0.026403717696666718, 0.018426407128572464, 0.015671366825699806, 0.011510423384606838, 0.00915072113275528, 0.008793679997324944, 0.006459672935307026, 0.005787305533885956, 0.004999954253435135, 0.0032244273461401463, 0.00336824101395905, 0.002566420705989003, 0.0021373103372752666, 0.002405402483418584, 0.0016620713286101818, 0.001732395961880684, 0.0013898935867473483, 0.000907654466573149, 0.0009578695171512663, 0.0004113477189093828, 0.0005813474417664111, 0.00037257562507875264, 0.00040838465793058276, 0.0004757191054522991] 
Val_loss: [0.06958460807800293, 0.08205187320709229, 0.09927922487258911, 0.08849147707223892, 0.07549643516540527, 0.0843605026602745, 0.11733345687389374, 0.1525355726480484, 0.16197505593299866, 0.15870723128318787, 0.1620282530784607, 0.18115633726119995, 0.20436669886112213, 0.20950965583324432, 0.19378022849559784, 0.18081821501255035, 0.18681828677654266, 0.20682916045188904, 0.21936549246311188, 0.2157243937253952, 0.2103416621685028, 0.2198411077260971, 0.2425737828016281, 0.2581976056098938, 0.2538359463214874, 0.24885155260562897, 0.2598380446434021, 0.27917173504829407, 0.28559619188308716, 0.276670902967453]

Loss: [0.681224524974823, 0.438588947057724, 0.31808432936668396, 0.2238481193780899, 0.11929474025964737, 0.08280227333307266, 0.10960108786821365, 0.08483804762363434, 0.05280353128910065, 0.045533884316682816, 0.04933568462729454, 0.044141754508018494, 0.03171695023775101, 0.02570073865354061, 0.026853717863559723, 0.022291021421551704, 0.01668778993189335, 0.01724260486662388, 0.016438210383057594, 0.012706853449344635, 0.01275617815554142, 0.012901916168630123, 0.010858885943889618, 0.009998729452490807, 0.009700477123260498, 0.008771687746047974, 0.00830069463700056, 0.008079837076365948, 0.00743865966796875, 0.007029109634459019] 
Val_loss: [0.26717039942741394, 0.18561744689941406, 0.13159018754959106, 0.07832849025726318, 0.06831144541501999, 0.14651137590408325, 0.15696705877780914, 0.1000065803527832, 0.06616277247667313, 0.059007443487644196, 0.05803416296839714, 0.06502611935138702, 0.08477599918842316, 0.10654433071613312, 0.10507255047559738, 0.0865994393825531, 0.07099749147891998, 0.06661315262317657, 0.07362853735685349, 0.08811096101999283, 0.09582307934761047, 0.08533063530921936, 0.07390088587999344, 0.07197634875774384, 0.0767974928021431, 0.08503378182649612, 0.08883881568908691, 0.0880078598856926, 0.08405376970767975, 0.08320707827806473]

Loss: [0.42046666145324707, 0.1440032720565796, 0.06637846678495407, 0.04857946187257767, 0.051176704466342926, 0.03659214451909065, 0.03171207383275032, 0.023601341992616653, 0.022828595712780952, 0.018437813967466354, 0.01730033941566944, 0.014768057502806187, 0.013311771675944328, 0.012192760594189167, 0.010370073840022087, 0.009315052069723606, 0.008302995003759861, 0.007307696621865034, 0.006746843457221985, 0.006126257125288248, 0.005658864509314299, 0.005346886347979307, 0.004912919830530882, 0.004341181833297014, 0.003881448181346059, 0.0035090285819023848, 0.0032753716222941875, 0.0032062658574432135, 0.002871912904083729, 0.002695749280974269] 
Val_loss: [0.17810842394828796, 0.03877193108201027, 0.04358367994427681, 0.038093145936727524, 0.03863679617643356, 0.029501494020223618, 0.02898336946964264, 0.027748622000217438, 0.02661025896668434, 0.027281202375888824, 0.026040557771921158, 0.02534106932580471, 0.02637406438589096, 0.027021633461117744, 0.02585829794406891, 0.02658928744494915, 0.02747601643204689, 0.026365656405687332, 0.027251863852143288, 0.026353368535637856, 0.02719794772565365, 0.027173474431037903, 0.028319185599684715, 0.028352128341794014, 0.028083540499210358, 0.029381049796938896, 0.029410958290100098, 0.030184024944901466, 0.02972436510026455, 0.031372446566820145]

