Loss: [0.5458266735076904, 0.42959287762641907, 0.334044486284256, 0.2663631737232208, 0.2263796180486679, 0.22060798108577728, 0.2292657494544983, 0.22435756027698517, 0.19707559049129486, 0.16740544140338898, 0.14740681648254395, 0.13941572606563568, 0.1341066211462021, 0.12666812539100647, 0.11544854193925858, 0.10443516075611115, 0.09652435034513474, 0.09311927109956741, 0.08969593048095703, 0.08285319060087204, 0.07690656930208206, 0.07096829265356064, 0.06500976532697678, 0.05938845872879028, 0.05614525079727173, 0.052856121212244034, 0.049976956099271774, 0.04681135714054108, 0.04350150749087334, 0.04061499983072281] 
Val_loss: [0.6262494325637817, 0.5534420609474182, 0.4755178689956665, 0.3901459276676178, 0.2923078238964081, 0.21125809848308563, 0.1682540625333786, 0.15520654618740082, 0.1630088835954666, 0.18392176926136017, 0.20001070201396942, 0.20409269630908966, 0.19208388030529022, 0.1671554446220398, 0.1343369036912918, 0.10066834837198257, 0.07375430315732956, 0.05840699374675751, 0.05373731255531311, 0.056114282459020615, 0.06065798178315163, 0.06296127289533615, 0.0605812706053257, 0.055609267204999924, 0.049302082508802414, 0.04405371844768524, 0.040280938148498535, 0.03881934657692909, 0.03910322114825249, 0.039269134402275085]

Loss: [0.5300976634025574, 0.37177738547325134, 0.24213182926177979, 0.1362888365983963, 0.060398321598768234, 0.0395820327103138, 0.07391054183244705, 0.09306942671537399, 0.07486242055892944, 0.04401814192533493, 0.02467004768550396, 0.023492826148867607, 0.031468991190195084, 0.03813162073493004, 0.039380110800266266, 0.03528086096048355, 0.02820081077516079, 0.02106824889779091, 0.016439640894532204, 0.015283982269465923, 0.0169266015291214, 0.01938319019973278, 0.020359205082058907, 0.01857740990817547, 0.014883115887641907, 0.011378220282495022, 0.009636811912059784, 0.009863500483334064, 0.011015971191227436, 0.011740726418793201] 
Val_loss: [0.26435068249702454, 0.21018126606941223, 0.17709235846996307, 0.17592202126979828, 0.21342308819293976, 0.2659861743450165, 0.2684904634952545, 0.23213829100131989, 0.19050277769565582, 0.16383862495422363, 0.15476123988628387, 0.15862271189689636, 0.1678185611963272, 0.17548641562461853, 0.17898477613925934, 0.17857278883457184, 0.17513974010944366, 0.17093102633953094, 0.16736462712287903, 0.16542379558086395, 0.16457447409629822, 0.1647108942270279, 0.16586525738239288, 0.1687171310186386, 0.17394621670246124, 0.18115153908729553, 0.18920598924160004, 0.19601456820964813, 0.2003612369298935, 0.20205414295196533]

Loss: [0.49269741773605347, 0.21099193394184113, 0.04534965753555298, 0.09020084142684937, 0.07288362830877304, 0.029341155663132668, 0.034132517874240875, 0.0502353198826313, 0.05233754962682724, 0.04239680990576744, 0.02935161627829075, 0.021853432059288025, 0.023383062332868576, 0.028000209480524063, 0.026766177266836166, 0.021197840571403503, 0.01734698750078678, 0.015719814226031303, 0.015741128474473953, 0.01535490620881319, 0.014130081050097942, 0.012968313880264759, 0.012003274634480476, 0.012011239305138588, 0.011616555973887444, 0.010406695306301117, 0.009620669297873974, 0.0090977493673563, 0.008843950927257538, 0.008405751548707485] 
Val_loss: [0.15223295986652374, 0.024978017434477806, 0.026564624160528183, 0.0141014214605093, 0.013800568878650665, 0.053488146513700485, 0.08449210226535797, 0.08912429213523865, 0.0720214918255806, 0.04561252146959305, 0.021679401397705078, 0.00885971449315548, 0.0056997803039848804, 0.005786997731775045, 0.005865239538252354, 0.007118252106010914, 0.009789248928427696, 0.012455498799681664, 0.014008047059178352, 0.013423802331089973, 0.011048214510083199, 0.008685077540576458, 0.007302664220333099, 0.0065999641083180904, 0.006947991903871298, 0.008584876544773579, 0.010469174943864346, 0.011003712192177773, 0.010633178055286407, 0.009694010019302368]

Loss: [0.49257510900497437, 0.29820382595062256, 0.16514787077903748, 0.07749529182910919, 0.04678355157375336, 0.06900373846292496, 0.08709751069545746, 0.07111793011426926, 0.04381632059812546, 0.025992732495069504, 0.022897595539689064, 0.027670135721564293, 0.03324509784579277, 0.034659430384635925, 0.031458571553230286, 0.025279700756072998, 0.01897226832807064, 0.014722973108291626, 0.013378445990383625, 0.01443643867969513, 0.016214493662118912, 0.01699046604335308, 0.015948234125971794, 0.013378303498029709, 0.010398540645837784, 0.00805249996483326, 0.006823040544986725, 0.00670164730399847, 0.00700986897572875, 0.007111299317330122] 
Val_loss: [0.22610825300216675, 0.12723472714424133, 0.05403900146484375, 0.019472528249025345, 0.01658809930086136, 0.0186590775847435, 0.01627545803785324, 0.021308736875653267, 0.038692884147167206, 0.06495265662670135, 0.09001313149929047, 0.10873299092054367, 0.1188758835196495, 0.12271406501531601, 0.12099600583314896, 0.11501902341842651, 0.10698756575584412, 0.09811954200267792, 0.0891476720571518, 0.08216757327318192, 0.07782336324453354, 0.07630611956119537, 0.07737040519714355, 0.08011867105960846, 0.08368029445409775, 0.08744966238737106, 0.09039515256881714, 0.09168495237827301, 0.09156205505132675, 0.09018086642026901]

Loss: [3.0622551441192627, 0.8741133213043213, 0.4434892237186432, 0.33763188123703003, 0.27135100960731506, 0.2143872082233429, 0.16387176513671875, 0.12709039449691772, 0.09972153604030609, 0.0894584059715271, 0.08130556344985962, 0.05901267006993294, 0.036458928138017654, 0.03449711948633194, 0.03472664952278137, 0.029369140043854713, 0.023321859538555145, 0.022410044446587563, 0.022071991115808487, 0.018971063196659088, 0.017210697755217552, 0.017141982913017273, 0.016668220981955528, 0.015552236698567867, 0.01577981561422348, 0.0152986915782094, 0.0138025414198637, 0.013444777578115463, 0.01297302357852459, 0.012044345960021019] 
Val_loss: [0.9388061165809631, 0.5014274716377258, 0.3268524408340454, 0.22676722705364227, 0.16176381707191467, 0.11841469258069992, 0.08390874415636063, 0.058249056339263916, 0.045515771955251694, 0.04082687571644783, 0.03984483703970909, 0.03898561745882034, 0.0407898835837841, 0.04418611526489258, 0.049163077026605606, 0.06052245572209358, 0.0782892256975174, 0.09283428639173508, 0.09605561941862106, 0.09342754632234573, 0.0926482155919075, 0.09576593339443207, 0.10363569855690002, 0.1135876327753067, 0.11724404990673065, 0.11203307658433914, 0.10680648684501648, 0.10518208146095276, 0.10674697905778885, 0.11107444018125534]

Loss: [0.17695839703083038, 0.09768462926149368, 0.06333412975072861, 0.047304343432188034, 0.045792192220687866, 0.0354432575404644, 0.030888378620147705, 0.026169516146183014, 0.022472955286502838, 0.018424594774842262, 0.016095176339149475, 0.013984081335365772, 0.011762850917875767, 0.010090640746057034, 0.008808690123260021, 0.008148682303726673, 0.007343079894781113, 0.0063770427368581295, 0.0050696018151938915, 0.004680314566940069, 0.0038055868353694677, 0.0036415974609553814, 0.003435725811868906, 0.0029601608403027058, 0.0026612260844558477, 0.0020768388640135527, 0.0018200905760750175, 0.0016298413975164294, 0.0016008119564503431, 0.0013947974657639861] 
Val_loss: [0.09822729229927063, 0.099317766726017, 0.11384540051221848, 0.07442788779735565, 0.07538384944200516, 0.07245733588933945, 0.06759513914585114, 0.07158689200878143, 0.07430562376976013, 0.07326879352331161, 0.07597148418426514, 0.07585383951663971, 0.07602188736200333, 0.07760479301214218, 0.0799027755856514, 0.08284596353769302, 0.08009617775678635, 0.08360841125249863, 0.07891687750816345, 0.0881098210811615, 0.08011379092931747, 0.09164635837078094, 0.07882317155599594, 0.08794362843036652, 0.0813332051038742, 0.08315065503120422, 0.08206795156002045, 0.07975611835718155, 0.08543556928634644, 0.07999706268310547]

