Loss: [0.33738410472869873, 0.2574862837791443, 0.2159757763147354, 0.20088781416416168, 0.19302771985530853, 0.18538798391819, 0.17449520528316498, 0.16312886774539948, 0.15504871308803558, 0.14932774007320404, 0.14512914419174194, 0.14024056494235992, 0.13255208730697632, 0.12393569946289062, 0.11654002219438553, 0.11074945330619812, 0.10546102374792099, 0.0985410213470459, 0.09327450394630432, 0.09021693468093872, 0.08577907830476761, 0.08176025748252869, 0.07901985943317413, 0.0755951926112175, 0.07197410613298416, 0.0700477585196495, 0.06643649190664291, 0.06323631852865219, 0.05998864024877548, 0.05540665611624718] 
Val_loss: [0.11220788955688477, 0.08126241713762283, 0.05694635584950447, 0.04051877185702324, 0.029678761959075928, 0.024732744321227074, 0.023386580869555473, 0.024505706503987312, 0.026233086362481117, 0.027770569548010826, 0.02760889194905758, 0.025174031034111977, 0.021024664863944054, 0.015957722440361977, 0.012117487378418446, 0.010217784903943539, 0.010790648870170116, 0.012329615652561188, 0.013485148549079895, 0.01264121662825346, 0.010143400169909, 0.008522441610693932, 0.007999899797141552, 0.008813121356070042, 0.008753504604101181, 0.007076602894812822, 0.0048070368357002735, 0.003901112824678421, 0.006439685821533203, 0.0115859629586339]

Loss: [0.03624608367681503, 0.022752670571208, 0.028226668015122414, 0.02605428919196129, 0.021007509902119637, 0.01798403076827526, 0.01793654076755047, 0.018498657271265984, 0.017740486189723015, 0.01630188338458538, 0.015360738150775433, 0.015650754794478416, 0.015872269868850708, 0.014894992113113403, 0.013893443159759045, 0.013724712654948235, 0.01389769371598959, 0.013573780655860901, 0.012767734937369823, 0.01217290572822094, 0.012130556628108025, 0.012113884091377258, 0.011619231663644314, 0.011070983484387398, 0.010858229361474514, 0.010700693354010582, 0.010349837131798267, 0.009945100173354149, 0.00971882976591587, 0.009415918029844761] 
Val_loss: [0.43341705203056335, 0.3666987121105194, 0.34387579560279846, 0.34250134229660034, 0.3486187756061554, 0.3526669144630432, 0.3477252125740051, 0.3338455259799957, 0.3105705678462982, 0.28445965051651, 0.26037436723709106, 0.25069892406463623, 0.2561185657978058, 0.27005735039711, 0.2846366763114929, 0.29452940821647644, 0.29562458395957947, 0.2877490520477295, 0.2742204964160919, 0.2616642117500305, 0.2547052800655365, 0.25818321108818054, 0.2688564956188202, 0.27961215376853943, 0.2837287187576294, 0.27831602096557617, 0.268887996673584, 0.26157674193382263, 0.2613348960876465, 0.26788297295570374]

Loss: [0.20811529457569122, 0.08408936858177185, 0.04770484194159508, 0.034067269414663315, 0.022139135748147964, 0.023161591961979866, 0.0287456214427948, 0.02581123635172844, 0.023608917370438576, 0.022870922461152077, 0.02208886668086052, 0.020386269316077232, 0.019209764897823334, 0.018177520483732224, 0.018030334264039993, 0.018422558903694153, 0.017475884407758713, 0.016969548538327217, 0.0171103123575449, 0.016437891870737076, 0.015289443545043468, 0.014937147498130798, 0.01500278152525425, 0.013809682801365852, 0.01395685039460659, 0.014081818982958794, 0.012775087729096413, 0.012496532872319221, 0.011843476444482803, 0.012178937904536724] 
Val_loss: [0.11663345247507095, 0.03753773495554924, 0.01986849121749401, 0.023182712495326996, 0.02371676079928875, 0.02431054227054119, 0.026340415701270103, 0.03456868231296539, 0.04526592046022415, 0.04292342811822891, 0.03753335028886795, 0.03718230128288269, 0.03988911956548691, 0.0378124825656414, 0.03569135069847107, 0.03774578496813774, 0.04492565244436264, 0.050321757793426514, 0.04959750920534134, 0.04536258056759834, 0.03823582082986832, 0.03621562942862511, 0.04168272018432617, 0.05064934492111206, 0.052965592592954636, 0.0512266531586647, 0.05270333215594292, 0.044096171855926514, 0.03804868459701538, 0.039046306163072586]

Loss: [0.18352480232715607, 0.03567204624414444, 0.06004301458597183, 0.07130374014377594, 0.03809979930520058, 0.01453720685094595, 0.013699830509722233, 0.022137142717838287, 0.02700035274028778, 0.023984583094716072, 0.016909897327423096, 0.010978784412145615, 0.009128814563155174, 0.010868297889828682, 0.013238868676126003, 0.013331776484847069, 0.010698975063860416, 0.0076134949922561646, 0.0056497640907764435, 0.005388324148952961, 0.00620152335613966, 0.006909919902682304, 0.006644538603723049, 0.005386264994740486, 0.003906405996531248, 0.0030446979217231274, 0.0030140727758407593, 0.003366489429026842, 0.003326964098960161, 0.002706164726987481] 
Val_loss: [0.11341996490955353, 0.038905829191207886, 0.04463167116045952, 0.046265389770269394, 0.04325022175908089, 0.04168061167001724, 0.04183162376284599, 0.04100921005010605, 0.03818581625819206, 0.03446882590651512, 0.03501012176275253, 0.04073850065469742, 0.0483938604593277, 0.05489145219326019, 0.056991416960954666, 0.0543689988553524, 0.04904806241393089, 0.04268435016274452, 0.0378616638481617, 0.03522556647658348, 0.0343017578125, 0.034857191145420074, 0.037149012088775635, 0.041288457810878754, 0.04704802855849266, 0.0525064542889595, 0.05664912611246109, 0.057916659861803055, 0.056279782205820084, 0.05289480835199356]

Loss: [0.36200234293937683, 0.06921238452196121, 0.07764558494091034, 0.06250976771116257, 0.0298951156437397, 0.03546103835105896, 0.04045139253139496, 0.03139331564307213, 0.023079797625541687, 0.02475643716752529, 0.024923786520957947, 0.019679971039295197, 0.018678929656744003, 0.018708419054746628, 0.017618807032704353, 0.015206667594611645, 0.013581505045294762, 0.013067597523331642, 0.011881588958203793, 0.0101737380027771, 0.009668046608567238, 0.009162371046841145, 0.008254035376012325, 0.00772080197930336, 0.007148487493395805, 0.006238365080207586, 0.0060597737319767475, 0.005621548276394606, 0.005004385486245155, 0.004747645929455757] 
Val_loss: [0.19403555989265442, 0.06660910695791245, 0.04788466542959213, 0.06487184017896652, 0.09529988467693329, 0.10741357505321503, 0.09800536185503006, 0.07770638912916183, 0.06239943206310272, 0.06009461358189583, 0.06813957542181015, 0.0810413807630539, 0.09243595600128174, 0.0936531126499176, 0.08787708729505539, 0.07718624174594879, 0.06992209702730179, 0.06971313059329987, 0.073318250477314, 0.07695616036653519, 0.07796455919742584, 0.07493989914655685, 0.07089062035083771, 0.0701824501156807, 0.07370438426733017, 0.0769626721739769, 0.07735248655080795, 0.07331211119890213, 0.07075762003660202, 0.07278258353471756]

Loss: [0.18060970306396484, 0.06669928878545761, 0.04322795942425728, 0.03624074533581734, 0.027234645560383797, 0.021254872903227806, 0.01738620363175869, 0.013810398057103157, 0.01400096993893385, 0.012792929075658321, 0.010598035529255867, 0.0095182154327631, 0.008278373628854752, 0.008011911995708942, 0.006939990911632776, 0.005897901486605406, 0.005366506986320019, 0.004859565757215023, 0.0044690570794045925, 0.004272143356502056, 0.003561896737664938, 0.003379418281838298, 0.0031381549779325724, 0.0027756078634411097, 0.002717689611017704, 0.0025879312306642532, 0.0026527836453169584, 0.002254342194646597, 0.0021887479815632105, 0.0019567201379686594] 
Val_loss: [0.218403622508049, 0.12946689128875732, 0.14459343254566193, 0.18510906398296356, 0.1577230542898178, 0.22700068354606628, 0.21513395011425018, 0.17474688589572906, 0.16676795482635498, 0.19305546581745148, 0.15296611189842224, 0.191919207572937, 0.16622063517570496, 0.1743796318769455, 0.1600855588912964, 0.1565251648426056, 0.1806473284959793, 0.16554862260818481, 0.1781824231147766, 0.15872597694396973, 0.18510593473911285, 0.1760828047990799, 0.175944983959198, 0.16585785150527954, 0.18154919147491455, 0.18326109647750854, 0.17149345576763153, 0.19459962844848633, 0.17819443345069885, 0.19653284549713135]

Loss: [0.10014442354440689, 0.057276852428913116, 0.042196135967969894, 0.034048646688461304, 0.028698157519102097, 0.024117683991789818, 0.019874000921845436, 0.018339335918426514, 0.015428539365530014, 0.015629814937710762, 0.014230631291866302, 0.010652825236320496, 0.009603979997336864, 0.008202369324862957, 0.007765692193061113, 0.006950538605451584, 0.007282673846930265, 0.006128402892500162, 0.005350681021809578, 0.005340714007616043, 0.004832106176763773, 0.005390665028244257, 0.00667651416733861, 0.0065942686051130295, 0.005030786152929068, 0.005752346012741327, 0.0053190384060144424, 0.004041471052914858, 0.003459514118731022, 0.003342460375279188] 
Val_loss: [0.059620197862386703, 0.09068415313959122, 0.05284273996949196, 0.04213705286383629, 0.06501467525959015, 0.043186962604522705, 0.030580252408981323, 0.032358329743146896, 0.04326349496841431, 0.041181907057762146, 0.040103599429130554, 0.04315994307398796, 0.04034380242228508, 0.04473954439163208, 0.03355729579925537, 0.048117462545633316, 0.05364006757736206, 0.04759369418025017, 0.03410109505057335, 0.04249454289674759, 0.04312542453408241, 0.04204024001955986, 0.04616206884384155, 0.045904822647571564, 0.051711615175008774, 0.02362392656505108, 0.03286857530474663, 0.03628808259963989, 0.05355366691946983, 0.05076497793197632]

Loss: [0.1218232586979866, 0.06085997819900513, 0.05191972106695175, 0.032276127487421036, 0.027024490758776665, 0.022226454690098763, 0.017618242651224136, 0.018229516223073006, 0.013443320989608765, 0.013179607689380646, 0.010819842107594013, 0.008788318373262882, 0.008562917821109295, 0.007438268046826124, 0.0068189725279808044, 0.006730582565069199, 0.005554869771003723, 0.005865710787475109, 0.00503495940938592, 0.004734524060040712, 0.004902842920273542, 0.004624416120350361, 0.00500537408515811, 0.00422832602635026, 0.0037153814919292927, 0.0031131242867559195, 0.003130352823063731, 0.003468405222520232, 0.0031740060076117516, 0.0028032013215124607] 
Val_loss: [0.07745403796434402, 0.0555088073015213, 0.06647732853889465, 0.04022718966007233, 0.04801371693611145, 0.039392486214637756, 0.0359652154147625, 0.03310108184814453, 0.0413995087146759, 0.04559123516082764, 0.03227585554122925, 0.036023013293743134, 0.036078810691833496, 0.030378110706806183, 0.0307295098900795, 0.035039953887462616, 0.03173355758190155, 0.03171009570360184, 0.03347242251038551, 0.031093601137399673, 0.03290734067559242, 0.0331205353140831, 0.036786600947380066, 0.03233513981103897, 0.03751818835735321, 0.033460889011621475, 0.03380908817052841, 0.038344237953424454, 0.040862876921892166, 0.03418027609586716]

