Loss: [0.10998275876045227, 0.06350450217723846, 0.07779503613710403, 0.06550846248865128, 0.05610454082489014, 0.05592777580022812, 0.057694219052791595, 0.055126551538705826, 0.05063293129205704, 0.046866532415151596, 0.044816672801971436, 0.043332621455192566, 0.04109654203057289, 0.0384097658097744, 0.035615064203739166, 0.03356870263814926, 0.03186510130763054, 0.02937122993171215, 0.02623484842479229, 0.023295579478144646, 0.020717231556773186, 0.01825631409883499, 0.015624060295522213, 0.013206977397203445, 0.011120319366455078, 0.00912786740809679, 0.007518905680626631, 0.006432655733078718, 0.00545731745660305, 0.004649300593882799] 
Val_loss: [0.13833904266357422, 0.0982990637421608, 0.10936296731233597, 0.13887542486190796, 0.16613049805164337, 0.17908281087875366, 0.17979617416858673, 0.17207610607147217, 0.15982775390148163, 0.1470826417207718, 0.13695567846298218, 0.13171227276325226, 0.13370227813720703, 0.14051587879657745, 0.1466333419084549, 0.1490710824728012, 0.14762289822101593, 0.14309372007846832, 0.1365341693162918, 0.13039499521255493, 0.12602649629116058, 0.1241263747215271, 0.12344709783792496, 0.12240251898765564, 0.11938831955194473, 0.11211975663900375, 0.10456142574548721, 0.09893106669187546, 0.09544379264116287, 0.09367676824331284]

Loss: [0.20259925723075867, 0.15509924292564392, 0.1217024102807045, 0.09483850002288818, 0.07538687437772751, 0.0592791847884655, 0.04770985245704651, 0.04085337743163109, 0.03851624205708504, 0.03579208254814148, 0.031262096017599106, 0.025687092915177345, 0.022551175206899643, 0.02017066441476345, 0.01837282069027424, 0.01610163226723671, 0.01408570446074009, 0.012982905842363834, 0.012507074512541294, 0.011912389658391476, 0.011002585291862488, 0.01000325195491314, 0.009278655052185059, 0.008764060214161873, 0.008326636627316475, 0.00771057466045022, 0.006959582678973675, 0.006335230078548193, 0.005914867389947176, 0.005485988222062588] 
Val_loss: [0.12150559574365616, 0.09950185567140579, 0.09936357289552689, 0.11644607037305832, 0.13768011331558228, 0.161325603723526, 0.1870107501745224, 0.20141008496284485, 0.19540461897850037, 0.18430480360984802, 0.1815170794725418, 0.17923668026924133, 0.17091026902198792, 0.16398528218269348, 0.16348077356815338, 0.16941063106060028, 0.17646671831607819, 0.1768673211336136, 0.17574691772460938, 0.17242100834846497, 0.16093102097511292, 0.1500481516122818, 0.14282040297985077, 0.1373950093984604, 0.13449721038341522, 0.13280290365219116, 0.13101617991924286, 0.12999145686626434, 0.1283690184354782, 0.1278396099805832]

Loss: [0.4476941227912903, 0.31184840202331543, 0.23521742224693298, 0.17332661151885986, 0.1446157693862915, 0.13792023062705994, 0.13454489409923553, 0.12264198064804077, 0.1094161868095398, 0.09706173837184906, 0.08879190683364868, 0.08015839755535126, 0.07280462980270386, 0.0646168664097786, 0.05787527561187744, 0.050244659185409546, 0.043137550354003906, 0.0376528725028038, 0.03183514252305031, 0.029185250401496887, 0.0260732714086771, 0.024003516882658005, 0.02377837523818016, 0.021767787635326385, 0.020961740985512733, 0.018630443140864372, 0.0191006101667881, 0.018265411257743835, 0.01886005327105522, 0.020762447267770767] 
Val_loss: [0.7969671487808228, 0.6534969806671143, 0.46456727385520935, 0.2969016134738922, 0.17143602669239044, 0.10804478824138641, 0.07930706441402435, 0.06804291903972626, 0.0626673474907875, 0.059502579271793365, 0.06227750703692436, 0.06658725440502167, 0.06795813143253326, 0.06482817232608795, 0.05815018340945244, 0.059598974883556366, 0.06699557602405548, 0.06434522569179535, 0.05166991800069809, 0.050012968480587006, 0.054592788219451904, 0.05618246644735336, 0.052204422652721405, 0.0448119230568409, 0.05800069123506546, 0.08005601167678833, 0.09061373770236969, 0.07909543812274933, 0.0642615556716919, 0.06586797535419464]

Loss: [0.9648503661155701, 0.6312586069107056, 0.48935556411743164, 0.4129778742790222, 0.3525761365890503, 0.2997745871543884, 0.2533612847328186, 0.2135644555091858, 0.17949256300926208, 0.1504664421081543, 0.1285671591758728, 0.11519838869571686, 0.11065416038036346, 0.11364571750164032, 0.1205962598323822, 0.12661495804786682, 0.12751458585262299, 0.12270763516426086, 0.11451633274555206, 0.10565105080604553, 0.09833215177059174, 0.09406076371669769, 0.09181725978851318, 0.09011583775281906, 0.08754178881645203, 0.0842670202255249, 0.07990553230047226, 0.07465720921754837, 0.06860658526420593, 0.06275389343500137] 
Val_loss: [1.0454672574996948, 0.7481070160865784, 0.6468394994735718, 0.5704017281532288, 0.4957674741744995, 0.43021589517593384, 0.37080079317092896, 0.3149251341819763, 0.26189523935317993, 0.20892365276813507, 0.16036231815814972, 0.11684747040271759, 0.08280227333307266, 0.05838315188884735, 0.0443781353533268, 0.03910425305366516, 0.041228462010622025, 0.050368811935186386, 0.06650162488222122, 0.08815965056419373, 0.11154156923294067, 0.1328699290752411, 0.14950108528137207, 0.16039469838142395, 0.16465699672698975, 0.15576618909835815, 0.13533969223499298, 0.10426093637943268, 0.07371649146080017, 0.052095524966716766]

Loss: [0.11074424535036087, 0.037830062210559845, 0.03423169627785683, 0.021512778475880623, 0.029737329110503197, 0.018714191392064095, 0.0234731063246727, 0.01798415370285511, 0.019637063145637512, 0.015782251954078674, 0.015875520184636116, 0.01623653620481491, 0.012689991854131222, 0.011824927292764187, 0.010859973728656769, 0.0108365248888731, 0.009428029879927635, 0.009911424480378628, 0.00878934282809496, 0.009417383931577206, 0.0085580600425601, 0.007585716433823109, 0.007428384386003017, 0.006383585277944803, 0.007373365107923746, 0.006492713466286659, 0.0062025426886975765, 0.005682353861629963, 0.004987800028175116, 0.004669845104217529] 
Val_loss: [0.20417506992816925, 0.20396827161312103, 0.2447945475578308, 0.3218908905982971, 0.2257487028837204, 0.15432628989219666, 0.1515759378671646, 0.17863599956035614, 0.17696736752986908, 0.1441829800605774, 0.13875801861286163, 0.1564589887857437, 0.16406472027301788, 0.15353980660438538, 0.14510521292686462, 0.15358726680278778, 0.17037333548069, 0.17068274319171906, 0.15624068677425385, 0.15271726250648499, 0.1792350560426712, 0.19033901393413544, 0.1703610122203827, 0.15719200670719147, 0.17126692831516266, 0.18523158133029938, 0.16748516261577606, 0.17263954877853394, 0.18533684313297272, 0.1893010139465332]

Loss: [0.11774569004774094, 0.0466998890042305, 0.031511418521404266, 0.023730535060167313, 0.017812469974160194, 0.0148952417075634, 0.012697792612016201, 0.010761238634586334, 0.009759609587490559, 0.008423232473433018, 0.007576735224574804, 0.006835724227130413, 0.006125969812273979, 0.006691331975162029, 0.007626778911799192, 0.006158731412142515, 0.004620729945600033, 0.005447796080261469, 0.004575589671730995, 0.004216642118990421, 0.004098879173398018, 0.005532030016183853, 0.004005130846053362, 0.004202383104711771, 0.0030376259237527847, 0.0034592105075716972, 0.002637001220136881, 0.003015061840415001, 0.002495023887604475, 0.001972784986719489] 
Val_loss: [0.32144245505332947, 0.3103238046169281, 0.34689608216285706, 0.33477920293807983, 0.35396409034729004, 0.3281165063381195, 0.33196091651916504, 0.3357926309108734, 0.3582098186016083, 0.3591884672641754, 0.3386237621307373, 0.35869288444519043, 0.3493010997772217, 0.37668317556381226, 0.33057910203933716, 0.36841973662376404, 0.35050296783447266, 0.35895097255706787, 0.3645966351032257, 0.335051566362381, 0.37759941816329956, 0.332294762134552, 0.36978715658187866, 0.33427202701568604, 0.3430388569831848, 0.3720962107181549, 0.32742542028427124, 0.36335447430610657, 0.3655499815940857, 0.33978167176246643]

Loss: [0.11442090570926666, 0.07598067820072174, 0.05961807444691658, 0.052770521491765976, 0.044003862887620926, 0.03788381442427635, 0.033320534974336624, 0.026816995814442635, 0.021447602659463882, 0.019902879372239113, 0.014095401391386986, 0.009899811819195747, 0.008404659107327461, 0.006923035252839327, 0.0061349100433290005, 0.0054617226123809814, 0.004200182389467955, 0.00392281636595726, 0.0066250646486878395, 0.0047501507215201855, 0.0037800113204866648, 0.0030586658976972103, 0.003087750868871808, 0.0040986621752381325, 0.003687875811010599, 0.004841945134103298, 0.0034802604932338, 0.0028686304576694965, 0.0017125587910413742, 0.001655968138948083] 
Val_loss: [0.04258396849036217, 0.1847507357597351, 0.062132034450769424, 0.10766052454710007, 0.07430611550807953, 0.10273188352584839, 0.06759350746870041, 0.06700237095355988, 0.10111130028963089, 0.07875820994377136, 0.05218208208680153, 0.05462243780493736, 0.059828124940395355, 0.0537429004907608, 0.05527909845113754, 0.06673626601696014, 0.059056952595710754, 0.054364025592803955, 0.09781651943922043, 0.05996248126029968, 0.059449393302202225, 0.07846777141094208, 0.07221328467130661, 0.09272408485412598, 0.08350841701030731, 0.0668322741985321, 0.07507593184709549, 0.07002099603414536, 0.08488084375858307, 0.08518321812152863]

Loss: [0.13078103959560394, 0.07876703888177872, 0.07130558043718338, 0.06123701483011246, 0.052334390580654144, 0.045397281646728516, 0.03846876695752144, 0.03232209384441376, 0.02879459410905838, 0.027651719748973846, 0.020587226375937462, 0.016407812014222145, 0.018764255568385124, 0.013411634601652622, 0.011817230843007565, 0.010622317902743816, 0.009360880590975285, 0.008748775348067284, 0.007170609664171934, 0.007241008337587118, 0.007680292706936598, 0.007940404117107391, 0.012463814578950405, 0.009524581022560596, 0.007397273555397987, 0.00665384903550148, 0.006507535930722952, 0.005086667835712433, 0.004537211265414953, 0.003570696571841836] 
Val_loss: [0.15774236619472504, 0.07849761843681335, 0.14480659365653992, 0.1291566640138626, 0.14751584827899933, 0.16837497055530548, 0.1701347529888153, 0.21878556907176971, 0.20720085501670837, 0.2499331533908844, 0.12759897112846375, 0.23008641600608826, 0.12176363170146942, 0.20311476290225983, 0.20369140803813934, 0.18626047670841217, 0.16838720440864563, 0.18573009967803955, 0.20689642429351807, 0.22240032255649567, 0.1904040426015854, 0.21713510155677795, 0.12130235880613327, 0.15385441482067108, 0.20895685255527496, 0.18315479159355164, 0.18630370497703552, 0.1637440323829651, 0.1930038034915924, 0.22261787950992584]

Loss: [0.13569264113903046, 0.08630763739347458, 0.059025172144174576, 0.04894053563475609, 0.040146708488464355, 0.03075292706489563, 0.024831432849168777, 0.020427415147423744, 0.014702165499329567, 0.011475077830255032, 0.009978538379073143, 0.0092551838606596, 0.008834644220769405, 0.007075417321175337, 0.006246235687285662, 0.005972255486994982, 0.005847395397722721, 0.005991010461002588, 0.004911436233669519, 0.004712095949798822, 0.004893624223768711, 0.005358319729566574, 0.0038701281882822514, 0.0034380238503217697, 0.0030192527920007706, 0.003234651405364275, 0.003139250446110964, 0.002763856202363968, 0.0023135782685130835, 0.0023346308153122663] 
Val_loss: [0.02170608937740326, 0.08472584187984467, 0.0518595352768898, 0.03837987035512924, 0.07061100006103516, 0.04024907574057579, 0.04219089448451996, 0.04402108117938042, 0.03757759928703308, 0.033854786306619644, 0.024008626118302345, 0.031248033046722412, 0.02266453579068184, 0.024154771119356155, 0.021441712975502014, 0.021467015147209167, 0.024889860302209854, 0.022043202072381973, 0.022775115445256233, 0.026156533509492874, 0.021861646324396133, 0.0231716837733984, 0.024115419015288353, 0.025105830281972885, 0.023966828361153603, 0.023125743493437767, 0.02659047581255436, 0.026998013257980347, 0.022536974400281906, 0.02663944661617279]

Loss: [0.17359422147274017, 0.07992682605981827, 0.059965070337057114, 0.049227938055992126, 0.04528694972395897, 0.03564268723130226, 0.031080635264515877, 0.02634180709719658, 0.020925169810652733, 0.01858830451965332, 0.016959931701421738, 0.013542527332901955, 0.012751955538988113, 0.009889430366456509, 0.009318452328443527, 0.008225834928452969, 0.006665482185781002, 0.006279928609728813, 0.006142525468021631, 0.005418107379227877, 0.0052055735141038895, 0.0047972677275538445, 0.004134694579988718, 0.00460522947832942, 0.0046780649572610855, 0.004184875637292862, 0.0037706377916038036, 0.0032076032366603613, 0.0027376932557672262, 0.0023362122010439634] 
Val_loss: [0.294644832611084, 0.10505976527929306, 0.12199118733406067, 0.165902242064476, 0.10500277578830719, 0.11286892741918564, 0.08542124927043915, 0.053615521639585495, 0.07427186518907547, 0.0694863498210907, 0.04894194006919861, 0.035030119121074677, 0.03527039662003517, 0.057826295495033264, 0.042198166251182556, 0.05044413357973099, 0.050283752381801605, 0.054017312824726105, 0.05057898163795471, 0.044239290058612823, 0.05117831751704216, 0.06530782580375671, 0.0466027557849884, 0.06001478061079979, 0.05966337397694588, 0.04634280502796173, 0.0462639257311821, 0.06547634303569794, 0.04500807076692581, 0.05741625651717186]

